0 35 59 0 0 0 0 0 0 0 0 0 0 0 0
35 0 34 0 0 0 25 0 0 0 0 0 0 0 0
59 34 0 32 24 45 0 0 0 0 0 0 0 0 0
0 0 32 0 17 0 0 0 0 0 0 0 0 0 0
0 0 24 17 0 44 0 0 0 0 0 0 0 0 0
0 0 45 0 44 0 18 0 0 0 0 0 24 0 0
0 25 0 0 0 18 0 12 25 58 0 0 37 0 0
0 0 0 0 0 0 12 0 14 0 0 0 0 0 60
0 0 0 0 0 0 25 14 0 42 0 0 0 0 45
0 0 0 0 0 0 58 0 42 0 30 0 42 0 0
0 0 0 0 0 0 0 0 0 30 0 39 0 0 27
0 0 0 0 0 0 0 0 0 0 39 0 61 34 0
0 0 0 0 0 24 37 0 0 42 0 61 0 82 0
0 0 0 0 0 0 0 0 0 0 0 34 82 0 0
0 0 0 0 0 0 0 60 45 0 27 0 0 0 0